1   H   1    1.00782503223   0.999885   
1   H   2    2.01410177812   0.000115   
________________________________________
2   He  3    3.0160293201    0.00000134 
2   He  4    4.00260325413   0.99999866 
________________________________________
3   Li  6    6.0151228874   0.0759      
3   Li  7    7.0160034366   0.9241      
________________________________________
4   Be  9    9.012183065    1           
________________________________________
5   B   10   10.01293695    0.199       
5   B   11   11.00930536    0.801       
________________________________________
6   C   12   12.0000000     0.9893      
6   C   13   13.00335483507  0.0107     
6   C   14   14.0032419884              
________________________________________
7   N   14   14.00307400443  0.99636    
7   N   15   15.00010889888  0.00364    
________________________________________
8   O   16   15.99491461957  1.0   
________________________________________
9   F   19   18.99840316273  1          
________________________________________
10  Ne  20   19.9924401762  0.9048      
10  Ne  21   20.993846685   0.0027      
10  Ne  22   21.991385114   0.0925      
________________________________________
11  Na  23   22.9897692820  1           
________________________________________
12  Mg  24   23.985041697   0.7899      
12  Mg   25   24.985836976   0.1000      
12  Mg   26   25.982592968   0.1101      
________________________________________
13  Al  27   26.98153853    1           
________________________________________
14  Si  28   27.97692653465  0.92223    
14  Si  29   28.97649466490  0.04685    
14  Si  30   29.973770136   0.03092     
________________________________________
15  P   31   30.97376199842  1          
________________________________________
16  S   32   31.9720711744  0.9499      
16  S   33   32.9714589098  0.0075      
16  S   34   33.967867004   0.0425      
16  S   36   35.96708071    0.0001      
________________________________________
17  Cl  35   34.968852682   0.7576      
17  Cl  37   36.965902602   0.2424      
________________________________________
18  Ar  36   35.967545105   0.003336    
18  Ar  38   37.96273211    0.000629    
18  Ar  40   39.9623831237  0.996035    
________________________________________
19  K   39   38.9637064864  0.932581    
19  K   40   39.963998166   0.000117    
19  K   41   40.9618252579  0.067302    
________________________________________
20  Ca  40   39.962590863   0.96941     
20  Ca  42   41.95861783    0.00647     
20  Ca  43   42.95876644    0.00135     
20  Ca  44   43.95548156    0.02086     
20  Ca  46   45.9536890     0.00004     
20  Ca  48   47.95252276    0.00187     
________________________________________
21  Sc  45   44.95590828    1           
________________________________________
22  Ti  46   45.95262772    0.0825      
22  Ti  47   46.95175879    0.0744      
22  Ti  48   47.94794198    0.7372      
22  Ti  49   48.94786568    0.0541      
22  Ti  50   49.94478689    0.0518      
______________________________________  
23  V   50   49.94715601    0.00250     
23  V   51   50.94395704    0.99750     
______________________________________  
24  Cr  50   49.94604183    0.04345     
24  Cr  52   51.94050623    0.83789     
24  Cr  53   52.94064815    0.09501     
24  Cr  54   53.93887916    0.02365     
______________________________________  
25  Mn  55   54.93804391    1           
______________________________________  
26  Fe  54   53.93960899    0.05845     
26  Fe  56   55.93493633    0.91754     
26  Fe  57   56.93539284    0.02119     
26  Fe  58   57.93327443    0.00282     
______________________________________  
27  Co  59   58.93319429    1           
______________________________________  
28  Ni  58   57.93534241    0.68077     
28  Ni  60   59.93078588    0.26223     
28  Ni  61   60.93105557    0.011399    
28  Ni  62   61.92834537    0.036346    
28  Ni  64   63.92796682    0.009255    
______________________________________  
29  Cu  63   62.92959772    0.6915      
29  Cu  65   64.92778970    0.3085      
______________________________________  
30  Zn  64   63.92914201    0.4917      
30  Zn  66   65.92603381    0.2773      
30  Zn  67   66.92712775    0.0404      
30  Zn  68   67.92484455    0.1845      
30  Zn  70   69.9253192     0.0061      
______________________________________  
31  Ga  69   68.9255735     0.60108     
31  Ga  71   70.92470258    0.39892     
______________________________________  
32  Ge  70   69.92424875    0.2057      
32  Ge  72   71.922075826   0.2745      
32  Ge  73   72.923458956   0.0775      
32  Ge  74   73.921177761   0.3650      
32  Ge  76   75.921402726   0.0773      
______________________________________  
33  As  75   74.92159457    1           
______________________________________  
34  Se  74   73.922475934   0.0089      
34  Se  76   75.919213704   0.0937      
34  Se  77   76.919914154   0.0763      
34  Se  78   77.91730928    0.2377      
34  Se  80   79.9165218     0.4961      
34  Se  82   81.9166995     0.0873      
______________________________________  
35  Br  79   78.9183376     0.5069      
35  Br  81   80.9162897     0.4931      
______________________________________  
36  Kr  78   77.92036494    0.00355     
36  Kr  80   79.91637808    0.02286     
36  Kr  82   81.91348273    0.11593     
36  Kr  83   82.91412716    0.11500     
36  Kr  84   83.9114977282  0.56987     
36  Kr  86   85.9106106269  0.17279     
______________________________________  
37  Rb  85   84.9117897379  0.7217      
37  Rb  87   86.9091805310  0.2783      
______________________________________  
38  Sr  84   83.9134191     0.0056      
38  Sr  86   85.9092606     0.0986      
38  Sr  87   86.9088775     0.0700      
38  Sr  88   87.9056125     0.8258      
______________________________________  
39  Y   89   88.9058403     1           
______________________________________  
40  Zr  90   89.9046977     0.5145      
40  Zr  91   90.9056396     0.1122      
40  Zr  92   91.9050347     0.1715      
40  Zr  94   93.9063108     0.1738      
40  Zr  96   95.9082714     0.0280      
______________________________________  
41  Nb  93   92.9063730     1           
______________________________________  
42  Mo  92   91.90680796    0.1453      
42  Mo  94   93.90508490    0.0915      
42  Mo  95   94.90583877    0.1584      
42  Mo  96   95.90467612    0.1667      
42  Mo  97   96.90601812    0.0960      
42  Mo  98   97.90540482    0.2439      
42  Mo  100  99.9074718     0.0982      
______________________________________  
44  Ru  96   95.90759025    0.0554      
44  Ru  98   97.9052868     0.0187      
44  Ru  99   98.9059341     0.1276      
44  Ru  100  99.9042143     0.1260      
44  Ru  101  100.9055769    0.1706      
44  Ru  102  101.9043441    0.3155      
44  Ru  104  103.9054275    0.1862      
______________________________________  
45  Rh  103  102.9054980    1           
______________________________________  
46  Pd  102  101.9056022    0.0102      
46  Pd  104  103.9040305    0.1114      
46  Pd  105  104.9050796    0.2233      
46  Pd  106  105.9034804    0.2733      
46  Pd  108  107.9038916    0.2646      
46  Pd  110  109.90517220   0.1172      
______________________________________  
47  Ag  107  106.9050916    0.51839     
47  Ag  109  108.9047553    0.48161     
______________________________________  
48  Cd  106  105.9064599    0.0125      
48  Cd  108  107.9041834    0.0089      
48  Cd  110  109.90300661   0.1249      
48  Cd  111  110.90418287   0.1280      
48  Cd  112  111.90276287   0.2413      
48  Cd  113  112.90440813   0.1222      
48  Cd  114  113.90336509   0.2873      
48  Cd  116  115.90476315   0.0749      
______________________________________  
49  In  113  112.90406184   0.0429      
49  In  115  114.903878776  0.9571      
______________________________________  
50  Sn  112  111.90482387   0.0097      
50  Sn  114  113.9027827    0.0066      
50  Sn  115  114.903344699  0.0034      
50  Sn  116  115.90174280   0.1454      
50  Sn  117  116.90295398   0.0768      
50  Sn  118  117.90160657   0.2422      
50  Sn  119  118.90331117   0.0859      
50  Sn  120  119.90220163   0.3258      
50  Sn  122  121.9034438    0.0463      
50  Sn  124  123.9052766    0.0579      
______________________________________  
51  Sb  121  120.9038120    0.5721      
51  Sb  123  122.9042132    0.4279      
______________________________________  
52  Te  120  119.9040593    0.0009      
52  Te  122  121.9030435    0.0255      
52  Te  123  122.9042698    0.0089      
52  Te  124  123.9028171    0.0474      
52  Te  125  124.9044299    0.0707      
52  Te  126  125.9033109    0.1884      
52  Te  128  127.90446128   0.3174      
52  Te  130  129.906222748  0.3408      
______________________________________  
53  I   127  126.9044719    1           
______________________________________  
54  Xe  124  123.9058920    0.000952    
54  Xe  126  125.9042983    0.000890    
54  Xe  128  127.9035310    0.019102    
54  Xe  129  128.9047808611  0.264006   
54  Xe  130  129.903509349  0.040710    
54  Xe  131  130.90508406   0.212324    
54  Xe  132  131.9041550856  0.269086   
54  Xe  134  133.90539466   0.104357    
54  Xe  136  135.907214484  0.088573    
______________________________________  
55  Cs  133  132.9054519610  1          
______________________________________  
56  Ba  130  129.9063207    0.00106     
56  Ba  132  131.9050611    0.00101     
56  Ba  134  133.90450818   0.02417     
56  Ba  135  134.90568838   0.06592     
56  Ba  136  135.90457573   0.07854     
56  Ba  137  136.90582714   0.11232     
56  Ba  138  137.90524700   0.71698     
______________________________________  
57  La  138  137.9071149    0.0008881   
57  La  139  138.9063563    0.9991119   
______________________________________  
58  Ce  136  135.90712921   0.00185     
58  Ce  138  137.905991     0.00251     
58  Ce  140  139.9054431    0.88450     
58  Ce  142  141.9092504    0.11114     
______________________________________  
59  Pr  141  140.9076576    1           
______________________________________  
60  Nd  142  141.9077290    0.27152     
60  Nd  143  142.9098200    0.12174     
60  Nd  144  143.9100930    0.23798     
60  Nd  145  144.9125793    0.08293     
60  Nd  146  145.9131226    0.17189     
60  Nd  148  147.9168993    0.05756     
60  Nd  150  149.9209022    0.05638     
______________________________________  
62  Sm  144  143.9120065    0.0307      
62  Sm  147  146.9149044    0.1499      
62  Sm  148  147.9148292    0.1124      
62  Sm  149  148.9171921    0.1382      
62  Sm  150  149.9172829    0.0738      
62  Sm  152  151.9197397    0.2675      
62  Sm  154  153.9222169    0.2275      
______________________________________  
63  Eu  151  150.9198578    0.4781      
63  Eu  153  152.9212380    0.5219      
______________________________________  
64  Gd  152  151.9197995    0.0020      
64  Gd  154  153.9208741    0.0218      
64  Gd  155  154.9226305    0.1480      
64  Gd  156  155.9221312    0.2047      
64  Gd  157  156.9239686    0.1565      
64  Gd  158  157.9241123    0.2484      
64  Gd  160  159.9270624    0.2186      
______________________________________  
65  Tb  159  158.9253547    1           
______________________________________  
66  Dy  156  155.9242847    0.00056     
66  Dy  158  157.9244159    0.00095     
66  Dy  160  159.9252046    0.02329     
66  Dy  161  160.9269405    0.18889     
66  Dy  162  161.9268056    0.25475     
66  Dy  163  162.9287383    0.24896     
66  Dy  164  163.9291819    0.28260     
______________________________________  
67  Ho  165  164.9303288    1           
______________________________________  
68  Er  162  161.9287884    0.00139     
68  Er  164  163.9292088    0.01601     
68  Er  166  165.9302995    0.33503     
68  Er  167  166.9320546    0.22869     
68  Er  168  167.9323767    0.26978     
68  Er  170  169.9354702    0.14910     
______________________________________  
69  Tm  169  168.9342179    1           
______________________________________  
70  Yb  168  167.9338896    0.00123     
70  Yb  170  169.9347664    0.02982     
70  Yb  171  170.9363302    0.1409      
70  Yb  172  171.9363859    0.2168      
70  Yb  173  172.9382151    0.16103     
70  Yb  174  173.9388664    0.32026     
70  Yb  176  175.9425764    0.12996     
______________________________________  
71  Lu  175  174.9407752    0.97401     
71  Lu  176  175.9426897    0.02599     
______________________________________  
72  Hf  174  173.9400461    0.0016      
72  Hf  176  175.9414076    0.0526      
72  Hf  177  176.9432277    0.1860      
72  Hf  178  177.9437058    0.2728      
72  Hf  179  178.9458232    0.1362      
72  Hf  180  179.9465570    0.3508      
______________________________________  
73  Ta  180  179.9474648    0.0001201   
73  Ta  181  180.9479958    0.9998799   
______________________________________  
74  W   180  179.9467108    0.0012      
74  W   182  181.94820394   0.2650      
74  W   183  182.95022275   0.1431      
74  W   184  183.95093092   0.3064      
74  W   186  185.9543628    0.2843      
______________________________________  
75  Re  185  184.9529545    0.3740      
75  Re  187  186.9557501    0.6260      
______________________________________  
76  Os  184  183.9524885    0.0002      
76  Os  186  185.9538350    0.0159      
76  Os  187  186.9557474    0.0196      
76  Os  188  187.9558352    0.1324      
76  Os  189  188.9581442    0.1615      
76  Os  190  189.9584437    0.2626      
76  Os  192  191.9614770    0.4078      
______________________________________  
77  Ir  191  190.9605893    0.373       
77  Ir  193  192.9629216    0.627       
______________________________________  
78  Pt  190  189.9599297    0.00012     
78  Pt  192  191.9610387    0.00782     
78  Pt  194  193.9626809    0.3286      
78  Pt  195  194.9647917    0.3378      
78  Pt  196  195.96495209   0.2521      
78  Pt  198  197.9678949    0.07356     
______________________________________  
79  Au  197  196.96656879   1           
______________________________________  
80  Hg  196  195.9658326    0.0015      
80  Hg  198  197.96676860   0.0997      
80  Hg  199  198.96828064   0.1687      
80  Hg  200  199.96832659   0.2310      
80  Hg  201  200.97030284   0.1318      
80  Hg  202  201.97064340   0.2986      
80  Hg  204  203.97349398   0.0687      
______________________________________  
81  Tl  203  202.9723446    0.2952      
81  Tl  205  204.9744278    0.7048      
______________________________________  
82  Pb  204  203.9730440    0.014       
82  Pb  206  205.9744657    0.241       
82  Pb  207  206.9758973    0.221       
82  Pb  208  207.9766525    0.524       
______________________________________  
83  Bi  209  208.9803991    1           
_______________________________________ 
90  Th  232  232.0380558    1           
______________________________________  
91  Pa  231  231.0358842    1           
______________________________________  
92  U   234  234.0409523    0.000054    
92  U   235  235.0439301    0.007204    
92  U   238  238.0507884    0.992742    